0 718
719 729
730 969
970 1073
1074 1103
1105 1167
1168 1218
1219 1272
1273 1334
1335 1379
1380 1464
1465 1618
1619 1656
1657 1785
1786 1852
1853 2059
2060 2090
2091 2184
2185 3122
3123 3243
3244 3811
3812 3905
3906 4410
4411 4634
4635 4780
4781 5003
5004 5121
5122 5203
5204 5268
5269 5391
5392 5515
5516 5658
5659 5747
5748 5949
5950 6069
6070 6147
6148 6258
6259 6363
6364 6502
6503 6626
6627 6738
6739 6953
6954 7129
7130 7204
7205 7300
7301 7338
7339 7396
7397 7553
7554 7727
7730 7877
7878 7968
7969 8113
8114 8172
8173 8250
8251 8368
8369 8467
8468 8587
8588 8821
8822 8900
8901 9041
9042 9101
9102 9173
9174 9231
9232 9354
9355 9456
9457 9526
9527 9753
9754 9803
9805 9976
9977 10020
10021 10257
10258 10592
10593 10679
10680 10746
10747 10927
10928 11050
11051 11163
11164 11293
11294 11376
11377 11466
11467 11638
11639 11767
11769 12295
12296 12598
12599 12773
12774 12874
12875 12968
12969 13229
13230 13333
13334 13432
13433 13498
13499 13612
13613 13758
13759 13875
13876 13992
13993 14062
14063 14139
14140 14277
14278 14390
14391 14499
14500 14686
14687 14797
14798 14892
14894 14964
14965 15051
15052 15144
15145 15213
15214 15331
15332 15443
15444 15672
15673 15775
15776 15909
15910 16048
16049 16249
16250 16463
16464 16589
16590 16668
16669 16816
16817 16993
16994 17117
17118 17291
17292 17448
17449 17510
17511 17638
17639 17716
17717 17857
17858 18041
18042 18316
18317 18381
18382 18491
18492 18584
18585 18633
18634 18720
18721 18786
18787 18859
18860 18893
18894 18969
18970 19073
19074 19199
19200 19279
19280 19504
19505 19531
19532 19552
19553 19588
19589 19650
19651 19715
19716 19780
19781 19909
19910 20022
20023 20335
20336 20392
20393 20438
20439 20504
20505 20542
20543 20658
20659 20769
20770 20953
20954 21020
21021 21189
21190 21289
21290 21449
21450 21634
21635 21795
21796 21939
21940 22090
22091 22196
22197 22346
22347 22419
22420 22587
22588 22658
22659 23032
23033 23122
23123 23237
23238 23364
23365 23689
23690 23774
23775 23796
23797 23998
23999 24260
24261 24359
24360 24624
24625 24698
24699 24843
24844 24936
24938 25156
25157 25291
25292 25473
25474 25509
25510 25577
25578 25680
25681 25788
25789 25848
25849 25922
25923 26123
26124 26600
26601 26722
26723 26856
26857 26972
26973 27023
27024 27108
27109 27165
27166 27228
27229 27445
27446 27564
27565 27607
27608 27777
27778 28306
28307 28351
28352 28405
28406 28476
28477 28510
28511 28681
28682 28804
28805 28917
28918 28993
28994 29031
29032 29118
29119 29174
29175 29241
29242 29280
29281 29445
29446 29583
29584 29695
29696 29783
29784 29918
29919 29988
29989 30078
30079 30134
30135 30214
30215 30269
30270 30391
30392 30546
30547 30674
30675 30775
30776 30850
30851 30985
30986 31090
31091 31164
31165 31215
31216 31280
31281 31336
31337 31383
31384 31458
31459 31566
31567 31673
31675 31796
31797 31919
31920 32395
32396 32466
32467 32612
32613 32798
32799 32926
32927 32980
32981 33088
33089 33301
33302 33361
33362 33414
33415 33464
33465 33529
33530 33599
33600 33677
33678 33755
33756 33916
33917 34063
34064 34173
34174 34296
34297 34433
34434 34551
34552 34687
34688 34812
34813 34915
34916 35010
35011 35093
35094 35317
35318 35523
35524 35593
35594 35725
35726 35848
35849 35899
35900 36004
36005 36122
36123 36224
36225 36330
36331 36455
36456 36613
36614 36720
36721 36803
36804 36855
36856 36940
36942 37057
37058 37191
37192 37217
37218 37251
37252 37375
37376 37494
37495 37586
37587 37634
37635 37680
37681 37760
37761 37828
37829 37888
37889 38064
38065 38238
38239 38335
38336 38488
38489 38543
38544 38600
38601 38656
38657 38747
38748 38877
38878 38963
38964 39058
39059 39145
39146 39226
39227 39315
39316 39423
39424 39537
39538 39674
39675 39743
39744 39855
39856 39949
39950 39998
39999 40104
40105 40332
40333 40445
40446 40523
40524 40654
40655 40740
40741 40770
40771 40875
40876 40948
40949 41053
41054 41135
41136 41324
41325 41362
41363 41483
41484 41628
41629 41717
41718 41961
41962 42070
42071 42123
42124 42211
42212 42289
42290 42511
42512 42643
42644 42758
42759 42871
42872 42929
42930 43006
43007 43068
43069 43175
43176 43267
43268 43317
43318 43394
43395 43443
43444 43537
43538 43576
43577 43675
43676 43810
43811 43876
43877 43940
43941 44094
44095 44220
44221 44292
44293 44384
44385 44471
44472 44552
44553 44605
44606 44707
44708 44772
44773 44824
44825 45236
45237 45330
45331 45661
45662 45785
45786 45976
45977 46056
46057 46137
46138 46220
46221 46277
46278 46338
46339 46398
46399 46482
46483 46615
46616 46717
46718 46787
46788 46884
46885 46955
46956 47031
47032 47096
47097 47282
47283 47491
47492 47673
47674 47723
47724 47822
47823 47899
47900 48030
48031 48108
48109 48285
48286 48396
48397 48442
48443 48572
48573 48636
48637 48688
48689 49025
49026 49105
49106 49165
49166 49223
49224 49335
49336 49558
49559 49612
49613 49744
49745 49813
49814 49872
49873 49941
49942 50101
50102 50161
50162 50213
50214 50275
50276 50329
50330 50433
50434 50570
50571 50719
50720 50858
50859 51032
51033 51117
51118 51196
51197 51307
51308 51429
51430 51479
51480 51615
51616 51731
51732 51800
51801 51844
51845 51947
51948 52063
52064 52182
52183 52388
52389 52512
52513 52590
52591 52675
52676 52735
52736 52799
52800 52973
52974 53084
53085 53119
53120 53189
53190 53338
53339 53425
53426 53488
53489 53578
53579 53673
53674 53846
53847 53899
53900 54061
54062 54147
54148 54273
54274 54360
54361 54425
54426 54508
54509 54638
54639 54689
54690 54747
54748 54921
54922 55141
55142 55316
55317 55414
55415 55592
55593 55741
55742 55929
55930 56129
56130 56511
56512 56620
56621 56705
56706 56738
56739 56999
57000 57097
57098 57282
57283 57423
57424 57591
57592 57617
57618 57685
57686 57787
57788 57912
57913 57979
57980 58071
58072 58173
58174 58216
58217 58254
58255 58387
58388 58435
58436 58523
58524 58613
58614 58675
58676 58764
58765 58829
58830 59115
59116 59309
59310 59440
59441 59576
59577 59735
59736 59892
59893 60186
60187 60340
60341 60396
60397 60513
60514 60583
60584 60681
60682 60878
60879 60959
60960 61038
61039 61110
61111 61323
61324 61423
61424 61574
61575 61727
61728 61845
61846 61942
61943 62215
62216 62293
62294 62388
62389 62494
62495 62743
62745 62819
62820 62867
62868 62915
62916 63062
63063 63165
63166 63360
63361 63520
63521 63623
63624 63743
63744 63822
63823 63917
63918 64057
64058 64080
64081 64123
